[gd_scene load_steps=4 format=3 uid="uid://gea6yaqoucvf"]

[sub_resource type="ProceduralSkyMaterial" id="ProceduralSkyMaterial_5nnfa"]
sky_top_color = Color(0.211765, 0.239216, 0.290196, 1)
sky_horizon_color = Color(0.211765, 0.239216, 0.290196, 1)
ground_bottom_color = Color(0.211765, 0.239216, 0.290196, 1)
ground_horizon_color = Color(0.211765, 0.239216, 0.290196, 1)

[sub_resource type="Sky" id="Sky_27nt7"]
sky_material = SubResource("ProceduralSkyMaterial_5nnfa")

[sub_resource type="Environment" id="Environment_tc7kr"]
background_mode = 2
sky = SubResource("Sky_27nt7")
ambient_light_source = 2
ambient_light_color = Color(0.752941, 0.752941, 0.752941, 1)
reflected_light_source = 2
tonemap_mode = 2

[node name="Icon_Studio" type="Node3D"]

[node name="SubViewport" type="SubViewport" parent="."]
size = Vector2i(80, 80)
render_target_update_mode = 4

[node name="WorldEnvironment" type="WorldEnvironment" parent="SubViewport"]
environment = SubResource("Environment_tc7kr")

[node name="DirectionalLight3D" type="DirectionalLight3D" parent="SubViewport"]
transform = Transform3D(0.866024, 0.433016, -0.250001, 1.47562e-08, 0.499998, 0.866026, 0.500003, -0.749999, 0.43301, 0, 0, 0)
light_energy = 0.9
shadow_enabled = true

[node name="DirectionalLight3D2" type="DirectionalLight3D" parent="SubViewport"]
transform = Transform3D(0.866026, -0.321394, 0.383022, 0, 0.766044, 0.642787, -0.5, -0.55667, 0.663414, 0, 0, 0)
light_energy = 0.4
shadow_enabled = true

[node name="Camera3D" type="Camera3D" parent="SubViewport"]
transform = Transform3D(0.866025, 0.12941, -0.482963, 0, 0.965926, 0.258819, 0.5, -0.224144, 0.836516, -5.62264, 3.24522, 9.7387)
fov = 60.0
